562,243,173,5635.91015625/1,0,0,0,0
3423,229,209,3165.67578125/1,0,0,0,0
3059,233,209,3184.81640625/1,0,0,0,0
1538,244,188,4901.453125/1,0,0,0,0
6120,230,211,3130.890625/1,0,0,0,0
2099,246,202,3896.125/1,0,0,0,0
5023,242,209,3244.93359375/1,0,0,0,0
2081,243,201,4009.67578125/1,0,0,0,0
3652,242,205,3680.15625/1,0,0,0,0
3896,242,205,3633.37109375/1,0,0,0,0
2335,243,201,3907.7265625/1,0,0,0,0
2350,248,202,3883.4296875/1,0,0,0,0
3580,242,205,3824.54296875/1,0,0,0,0
527,243,173,6083.609375/0,1,0,0,0
558,242,175,5400.0859375/0,1,0,0,0
644,241,52,10480.51953125/0,1,0,0,0
531,229,173,5289.32421875/0,1,0,0,0
271,240,162,6347.484375/0,1,0,0,0
752,234,182,4650.9609375/0,0,1,0,0
346,236,138,6530.8125/0,0,1,0,0
354,234,142,6487.69140625/0,0,1,0,0
389,244,142,6863.265625/0,0,1,0,0
544,241,157,6069.41796875/0,0,1,0,0
1587,248,155,5200.6328125/0,0,1,0,0
1458,251,159,5142.45703125/0,0,1,0,0
469,242,143,6355.5859375/0,0,1,0,0
705,243,141,6805.26953125/0,0,1,0,0
1166,246,151,5519.0546875/0,0,1,0,0
498,244,148,6440.0546875/0,0,1,0,0
157,241,121,8040.24609375/0,0,0,1,0
184,240,127,7401.16015625/0,0,0,1,0
198,234,134,7357.46875/0,0,0,1,0
191,238,118,8101.08984375/0,0,0,1,0
212,239,134,7344.375/0,0,0,1,0